30 60 1 30
1 2 7
1 3 8
2 3 14
2 9 12
2 7 15
2 4 18
3 4 1
3 5 8
4 5 3
4 6 10
4 7 11
5 30 1
28 30 8
1 9 10
1 25 14
3 30 7
5 29 3
5 6 9
6 29 10
6 28 11
6 27 18
6 13 3
6 12 8
6 8 7
29 4 28
29 30 9
28 27 7
27 26 1
28 26 20
26 13 14
26 25 25
13 25 4
25 24 13
24 18 11
24 23 10
18 13 14
18 17 4
18 19 5
19 23 8
19 20 17
19 17 9
23 22 15
22 21 10
22 16 4
21 20 8
21 16 13
21 15 10
20 15 11
17 15 5
14 17 10
14 15 5
14 11 6
14 12 7
14 13 14
13 12 9
12 11 6
11 15 6
11 10 7
11 8 4
16 10 4
15 10 5
9 10 3
9 7 9
9 8 6
7 8 9
